-8.4653 -3.4118 1
-8.5176 -2.0940 1
-4.6543 -4.7732 3
-8.7668 -3.4042 1
-3.4465 -2.9103 3
-4.0579 1.9918 2
7.3122 -7.5349 0
-9.3083 -1.9725 1
-4.4223 0.3247 2
5.9284 -6.6085 0
-4.2092 -0.6997 2
-4.9843 0.8459 2
7.5795 -7.4203 0
-3.0715 -0.0925 2
-3.4963 -4.2769 3
-10.1633 -4.5982 1
-7.6716 1.5635 2
-5.6170 -3.8417 3
5.4479 -8.2916 0
-4.8396 -0.0916 2
-4.0166 -4.3684 3
-8.6120 -2.6716 1
-4.5920 -0.8375 2
-4.1136 1.8271 2
-3.9823 -2.2385 3
-10.2208 -3.9350 1
-8.1783 -0.8839 1
-3.7508 0.9003 2
6.5490 -6.7613 0
7.3254 -8.2806 0
-8.8377 -2.7115 1
7.8573 -6.6635 0
6.4615 -6.5187 0
7.6560 -6.9997 0
-3.3725 -4.4978 3
-6.3290 1.3721 2
-3.4683 -3.9147 3
-5.4584 -3.6570 3
-2.6091 -5.4026 3
-3.6686 -4.0351 3
-9.5560 -1.3788 1
-4.1334 -3.7150 3
-10.3956 -3.6992 1
-10.2909 -3.8584 1
7.0933 -5.5529 0
-7.7263 -2.1587 1
-4.5532 -3.5416 3
-3.3658 -2.8837 3
-4.4513 -2.6866 3
-5.0742 1.5338 2
-8.1552 -3.7550 1
6.0897 -5.1963 0
-5.5583 -1.4857 2
-3.5887 -5.3997 3
-3.4750 -3.8556 3
5.8908 -4.9921 0
-4.2785 -0.0026 2
-9.2909 -4.7859 1
-3.6616 -5.4029 3
-4.1833 -1.4292 2
5.8541 -5.6276 0
-4.4122 -2.6689 3
6.1156 -6.4947 0
5.5583 -6.1136 0
-3.4576 -3.9032 3
-9.0711 -1.7474 1
-9.5140 -2.6466 1
-2.4975 -5.3247 3
-3.0008 0.7175 2
-5.8081 0.6705 2
-10.1285 -1.4883 1
-3.2223 0.2908 2
-2.2782 -3.7570 3
6.8685 -5.2885 0
-10.3899 -1.0745 1
-5.9015 1.2995 2
-5.7349 -3.4478 3
-5.1550 -1.3970 2
-5.1226 0.5272 2
-4.9246 -3.1977 3
-7.2752 -1.1022 1
-4.8686 -3.3340 3
-5.9850 -2.8825 3
-5.1761 0.7989 2
-4.5173 0.2488 2
-6.9724 -0.3556 2
-8.8836 -2.3014 1
-8.7673 -2.3755 1
-5.8985 0.1696 2
6.2094 -5.7905 0
-6.1826 0.7442 2
-8.7351 -3.8440 1
5.9391 -5.9483 0
-4.1797 -4.9613 3
-4.1169 -3.1133 3
-4.0397 -2.7773 3
-2.0100 -4.4957 3
-10.0471 -2.3102 1
6.1672 -7.3469 0
-8.5452 -2.3345 1
-3.9214 -3.3271 3
-4.5876 -4.4032 3
-4.3979 0.7202 2
7.4824 -7.1457 0
-2.1343 -5.5510 3
-3.9713 -4.3333 3
8.5042 -6.6225 0
-9.5109 -2.4809 1
-4.6591 1.7970 2
-9.0480 -0.9647 1
-9.2059 -1.5599 1
6.1289 -5.0148 0
-2.5220 -5.7216 3
-4.8750 -2.8684 3
-3.8787 0.7100 2
-9.2393 -2.2342 1
-4.3661 1.7024 2
-3.7776 0.6865 2
-1.2775 -2.6057 3
-4.2044 -5.3610 3
-10.0923 -3.7364 1
-8.0703 -4.2076 1
-3.5163 -3.3593 3
-8.3751 -1.5708 1
-6.1334 1.1928 2
-5.1492 1.7149 2
-2.3188 -3.0869 3
7.0270 -7.9686 0
7.0567 -5.3770 0
-2.7822 -2.3602 3
6.6228 -5.3657 0
-3.9006 -4.9957 3
-5.8183 -6.0605 3
-9.5788 -2.6756 1
-9.6838 -3.5519 1
6.8915 -6.0267 0
5.8548 -6.2305 0
-3.4540 0.5277 2
-5.7046 -0.0511 2
6.7911 -8.1051 0
-9.0804 -2.8324 1
-10.2763 -3.7812 1
-5.0185 -0.3337 2
6.5742 -6.9764 0
-5.7157 -5.1200 3
-4.5285 -3.3984 3
-2.6844 -4.1426 3
-10.1579 -3.7066 1
-8.9773 -2.8481 1
-4.5954 -3.3564 3
-6.1477 0.6766 2
-4.2234 1.0256 2
-4.9452 -1.0687 2
-3.9823 -0.5021 2
-4.4719 1.1203 2
-4.4832 -3.6561 3
5.6778 -6.1789 0
6.6514 -6.4764 0
-4.5972 -3.0825 3
7.7675 -5.7833 0
6.4114 -5.8227 0
-4.9150 -3.4033 3
8.1708 -7.4729 0
-3.1955 -6.0200 3
6.6552 -7.8767 0
-3.3616 -4.3356 3
-5.3111 1.1464 2
7.0219 -5.6660 0
7.8311 -7.2351 0
-10.3318 -2.1351 1
-7.9172 -4.1271 1
6.6236 -7.7616 0
-7.3696 -4.2650 1
-3.6986 2.5268 2
-2.5466 -4.6546 3
-8.2759 -3.1570 1
-5.0855 0.7077 2
5.8799 -5.6942 0
6.8899 -5.6766 0
6.7427 -7.1463 0
-4.2985 -4.0201 3
-2.8711 0.4221 2
6.1831 -4.3732 0
-7.9931 -1.9626 1
-3.4660 -3.5740 3
7.1215 -7.0451 0
-10.6201 -4.1103 1
-8.7065 -2.6627 1
-4.1211 -3.5837 3
-9.0318 -1.6581 1
6.9758 -6.9123 0
-8.3048 -3.3167 1
-4.0414 -3.7696 3
-9.1420 -2.7684 1
6.7877 -5.8255 0
-3.9248 4.0422 2
-3.4284 -3.9499 3
8.0571 -6.3053 0
7.6580 -6.4072 0
-11.1383 -3.2918 1
-3.1067 -5.8701 3
-8.3993 -3.1235 1
-3.5244 -4.6197 3
-4.4433 0.5657 2
-9.5910 -2.5106 1
7.7801 -6.6814 0
-4.8888 0.3403 2
-6.1892 0.1612 2
-9.3756 -3.2149 1
7.4934 -5.9807 0
-3.7097 2.4089 2
-3.3781 -4.5965 3
-3.9605 -4.8797 3
-10.5535 -3.7453 1
-3.2217 0.4048 2
5.5081 -7.1613 0
-5.4494 0.6966 2
6.3902 -7.1877 0
-4.5757 -2.7910 3
7.8940 -7.2005 0
-4.3880 1.1111 2
-4.5823 -4.9919 3
-4.6689 1.4298 2
6.9924 -4.7660 0
7.8950 -7.3357 0
6.8134 -4.8219 0
-9.3842 -2.1088 1
-8.9894 -2.3222 1
6.5998 -6.4154 0
-5.1372 0.1456 2
-10.6517 -3.2473 1
6.7983 -6.8083 0
7.1448 -6.3286 0
-3.4269 0.9500 2
-5.1925 -4.1168 3
-4.9724 -1.6128 2
-2.8453 -3.9842 3
-8.0825 -5.0312 1
-1.5339 -3.5823 3
6.0797 -5.5388 0
-4.1907 2.2409 2
6.3122 -5.9649 0
-4.3942 0.7238 2
-4.0399 -3.7029 3
-5.1531 2.2149 2
8.9546 -6.2024 0
-11.0897 -3.0401 1
-4.9288 1.2177 2
-3.5233 -2.2487 3
8.8712 -7.7902 0
-7.9682 -4.1425 1
-5.3921 -2.0052 2
-9.8683 -0.9412 1
-3.2005 -3.3566 3
-4.8273 1.1362 2
4.8379 -3.8288 0
6.9814 -5.7420 0
-2.8862 1.0988 2
-5.4752 -4.1324 3
-9.7433 -4.6445 1
6.6935 -7.1423 0
-4.1177 1.4269 2
-4.4627 -2.9283 3
-2.9842 -3.2637 3
-9.8093 -1.8148 1
6.0244 -5.7662 0
7.7156 -5.6238 0
-1.8473 -0.7122 2
-8.0051 -3.5781 1
6.9770 -7.1822 0
-7.0747 -1.8738 1
-6.2449 -0.7978 2
5.5262 -8.1160 0
-4.4476 0.4322 2
-5.2632 -3.5093 3
-8.0010 -3.9361 1
-10.3066 -4.1774 1
-3.6117 -3.8199 3
-2.7861 1.7006 2
-4.2915 2.2748 2
-4.7159 0.2547 2
-4.2022 -4.1810 3
-8.6803 -2.4747 1
6.1305 -6.3934 0
-6.2832 2.0489 2
-3.6250 0.1171 2
7.5637 -6.8335 0
-7.9185 -4.0718 1
-9.5095 -1.6544 1
-3.8255 0.2447 2
-7.7622 -1.8814 1
-10.1805 -3.2631 1
-4.7675 0.7754 2
-1.4947 -3.1009 3
-8.6904 -2.4345 1
-9.8443 -3.9302 1
6.9394 -9.1338 0
-9.4564 -3.8471 1
-3.5639 -3.1580 3
-3.2260 -0.1167 2
-4.7467 0.7201 2
-2.0542 -2.4114 3
-8.9775 -3.4768 1
-4.3260 -0.6818 2
-4.5631 0.5076 2
-4.3068 0.9723 2
-4.8608 2.8424 2
8.1115 -4.3483 0
6.8250 -6.1533 0
-3.2155 -6.6039 3
-5.0617 0.6135 2
-4.6386 0.5666 2
-3.6210 0.1506 2
6.0537 -7.3240 0
-8.9060 -4.0227 1
-9.6421 -3.2290 1
-8.2394 -2.7101 1
-4.2172 -0.3414 2
-7.1941 -1.6905 1
-8.6729 -1.1150 1
-6.1500 -0.0284 2
-4.3700 -2.9683 3
-4.0891 -4.5677 3
-8.6784 -2.3550 1
-2.6171 -3.2001 3
-3.8089 -2.7672 3
-5.3856 -0.7154 2
-8.1283 -2.8044 1
4.5216 -5.6607 0
-4.2046 0.9086 2
-7.1084 -4.7946 1
7.8982 -7.1415 0
-6.6733 -0.8261 2
-8.9628 -2.9313 1
-8.6114 -4.7186 1
-8.0699 -3.6759 1
8.1406 -6.2515 0
-3.5753 -4.3170 3
-7.3571 -3.5836 1
5.3763 -5.8992 0
-3.8096 0.0583 2
-4.7947 -0.3408 2
6.0580 -7.5685 0
-8.8170 -2.3108 1
-10.0569 -1.5863 1
7.4186 -5.8416 0
-9.2488 -2.8064 1
-4.0000 -2.3445 3
-5.1594 1.7333 2
-4.0392 -0.5552 2
-5.3350 -2.9258 3
-4.3439 -3.8558 3
-4.1903 -3.3773 3
-8.5041 -2.1020 1
-3.5871 1.2421 2
-2.5122 1.2915 2
-8.8545 -2.9783 1
-3.9569 -0.4562 2
-3.9158 1.1211 2
7.1530 -6.2495 0
6.6779 -5.7145 0
-3.9146 -3.4850 3
6.4132 -7.6351 0
-4.1970 -3.3569 3
6.7295 -6.0795 0
-3.0637 1.2398 2
6.6157 -6.0908 0
-10.5454 -4.2504 1
-3.4814 -0.6305 2
-4.0837 1.0577 2
-7.6699 -2.9336 1
-9.3500 -2.1928 1
-4.7625 1.1023 2
8.5856 -7.3970 0
-4.5114 -4.7191 3
-4.3385 -2.8045 3
-10.3231 -2.4352 1
6.3707 -5.4405 0
-3.9208 -4.3977 3
-3.9989 -3.6601 3
-4.3905 0.7218 2
-3.2504 -4.8052 3
-10.0684 -4.6252 1
-4.5358 -0.6583 2
-9.4756 -1.8071 1
8.1835 -5.2663 0
-8.6279 -3.1410 1
-4.5588 1.0765 2
7.0573 -6.8400 0
8.1309 -5.9403 0
-4.9622 -3.5804 3
5.3821 -9.8883 0
-9.3850 -1.9416 1
-4.0120 0.1816 2
-4.0581 2.1599 2
-9.6018 -1.9056 1
-9.5137 -2.6742 1
7.3168 -6.3387 0
-3.9408 -3.0797 3
5.7476 -6.0411 0
6.1872 -4.2485 0
-9.0490 -3.0309 1
6.2942 -6.2192 0
-4.0637 0.1715 2
-9.1098 -2.4927 1
-9.4329 -1.8033 1
-3.4724 2.2942 2
-7.8518 -3.3134 1
-4.5210 0.0837 2
-10.8318 -2.7734 1
6.1127 -8.2632 0
-5.8407 -3.3315 3
6.2608 -7.2689 0
8.5808 -6.5835 0
-9.8651 -2.3388 1
-5.6301 0.6342 2
-3.4845 0.2272 2
7.4788 -6.8501 0
6.6893 -6.5126 0
5.8035 -6.4744 0
-9.5566 -1.9837 1
-2.2184 0.1796 2
7.7469 -6.8237 0
-5.6955 0.0148 2
-3.6820 -5.0216 3
-4.1034 -3.6209 3
-4.8488 -4.0738 3
8.0993 -7.1895 0
-8.1125 -1.9786 1
8.0541 -7.0193 0
-3.7440 0.4062 2
8.0104 -6.3811 0
-5.4876 -0.0988 2
-4.4752 -0.9317 2
-9.3896 -3.6161 1
-5.1137 2.2512 2
-4.2834 0.1889 2
-4.6911 -3.4855 3
-5.5691 0.1731 2
-4.7642 1.3141 2
-6.8014 2.8889 2
-9.0136 -2.6875 1
-4.9244 -4.9044 3
-4.7945 -3.8055 3
-3.4154 -3.8784 3
-4.5898 -3.3257 3
-5.4671 -3.2879 3
-10.6074 -2.2254 1
-7.5517 -1.1209 1
-3.9608 -3.7006 3
8.4729 -5.1321 0
-8.8385 -2.4864 1
6.5411 -5.2041 0
-3.5939 -5.3671 3
-4.8652 -4.2105 3
-8.0709 -3.7804 1
-2.9428 -3.6835 3
-5.2551 1.4436 2
-10.1364 -3.8936 1
-5.8986 -0.6416 2
4.2456 -6.4742 0
-3.5625 0.5474 2
7.5334 -6.7969 0
7.4527 -5.6123 0
7.9994 -6.4543 0
-8.1332 -2.1777 1
-9.9917 -3.7985 1
-7.5831 -1.2072 1
-4.5837 0.2098 2
-10.4069 -3.8519 1
-4.4107 1.5019 2
6.1302 -5.0076 0
-9.9323 -2.3196 1
-8.4063 -3.9671 1
6.0752 -4.9279 0
-4.8199 -2.6270 3
6.6680 -4.6924 0
-7.6750 -3.6856 1
-9.6849 -2.2212 1
8.5245 -8.1200 0
-11.3687 -3.6445 1
-2.7555 2.1059 2
7.0980 -7.5595 0
-3.5588 -3.7141 3
6.7692 -5.9511 0
6.2808 -7.7275 0
-5.2925 -3.4980 3
-5.5787 -0.8706 2
-4.3032 -2.9778 3
5.6647 -5.6816 0
7.8022 -6.7498 0
-8.6245 -2.7268 1
-3.0346 -5.0170 3
-4.1350 -3.7838 3
-4.1531 -6.0082 3
-10.2333 -1.6560 1
7.8351 -4.8177 0
-6.0363 0.1721 2
-7.0407 -1.8402 1
-2.4265 -3.9838 3
-6.3206 -3.0725 1
-3.9045 -2.5877 3
-3.8590 0.4379 2
-9.3329 -2.6755 1
-10.5343 -3.2861 1
-3.1981 -3.0046 3
-4.8487 -3.7408 3
-8.4558 -2.4927 1
8.9575 -6.6920 0
7.0247 -7.4739 0
-3.7326 -4.9487 3
-5.2787 2.9381 2
7.9334 -6.6580 0
-7.3054 -4.2823 1
5.4069 -6.7419 0
-4.1468 -2.6599 3
-5.2032 1.3974 2
-5.1584 0.8299 2
-3.2352 -3.8097 3
6.5571 -5.1316 0
-5.0681 -0.2055 2
8.1760 -5.7343 0
-8.8170 -3.3487 1
5.6922 -7.0363 0
6.5656 -7.1409 0
-4.0736 -1.6457 3
-3.0071 1.2532 2
-6.2246 -0.5589 2
-6.5179 1.0981 2
-4.5371 -2.7749 3
6.7883 -4.7531 0
-8.5254 -1.9742 1
7.3314 -3.9792 0
-4.0796 -4.5145 3
-5.4856 2.6516 2
-5.2737 0.5473 2
-5.9617 -1.9689 3
-9.0161 -3.7708 1
-3.4492 -4.8423 3
-3.4458 2.0080 2
-5.3834 1.5497 2
4.9892 -6.5141 0
-5.0071 -4.3797 3
-4.6264 1.0876 2
-5.8579 -0.1626 2
-3.9303 -1.5986 2
-3.3321 0.0644 2
-4.5710 -4.4747 3
6.5006 -6.0937 0
-6.1940 1.5698 2
-3.7836 -2.4819 3
-9.2384 -2.8653 1
-3.6291 0.6021 2
-5.2515 -0.0708 2
-3.9739 0.5369 2
6.7200 -5.1506 0
6.5460 -6.4505 0
-3.0610 -2.9286 3
6.6578 -7.6029 0
-2.3420 -6.4318 3
-3.9066 -4.9684 3
6.9557 -6.7198 0
8.1429 -5.6866 0
-7.8178 -3.1886 1
-3.1599 -5.3285 3
7.1887 -6.9818 0
-4.6585 -1.1401 2
5.9375 -6.1368 0
-5.0060 0.6228 2
-8.6239 -3.9360 1
6.3379 -6.1345 0
7.7037 -6.5606 0
-3.3182 0.0012 2
-4.4242 0.7796 2
-8.0910 -3.6153 1
6.1497 -5.2382 0
-4.3141 0.9296 2
5.5801 -6.9525 0
9.1400 -5.1862 0
-4.0762 -5.0033 3
-8.4333 -2.4831 1
-4.2732 0.1241 2
-8.1914 -3.3273 1
-7.6059 -3.2039 1
-9.3766 -3.7310 1
-8.2577 -3.2269 1
-4.9580 -4.9551 3
-3.2365 -5.1171 3
7.2036 -6.9118 0
-6.0004 -3.4805 1
5.8092 -4.9972 0
-3.5200 2.1069 2
-3.4174 -3.6050 3
-3.4812 1.5296 2
-10.3626 -3.6149 1
-7.8431 -1.6776 1
8.1158 -6.0337 0
-4.9841 0.0115 2
-5.3025 1.4408 2
9.1043 -7.4802 0
-8.4777 -1.9401 1
-8.2911 -1.6483 1
-2.8123 -4.8039 3
-7.8871 -3.5014 1
-4.8574 -5.5601 3
-5.9192 -0.2840 2
-5.9058 -4.0937 3
-6.1702 0.8345 2
-2.9871 -3.9965 3
-10.2924 -2.4869 1
-3.5071 -4.9074 3
-4.2855 -5.2306 3
-8.7087 -2.6558 1
6.7267 -6.5992 0
-4.7999 -3.4684 3
7.1991 -5.7405 0
-4.1619 -4.4638 3
7.6659 -6.0115 0
6.4779 -6.5634 0
-8.4816 -3.3261 1
-9.1948 -1.2767 1
6.1937 -6.6724 0
-3.2174 -3.9746 3
-9.3949 -1.2821 1
-8.9009 -2.2187 1
-3.6016 0.1862 2
-8.6264 -1.9832 1
-3.9328 -2.4961 3
-1.9502 0.5737 2
-3.8990 2.2365 2
4.9924 -6.2568 0
5.9746 -3.7506 0
-7.9774 -1.2985 1
-4.1132 0.4241 2
-1.9570 -3.7620 3
6.9103 -7.2493 0
7.7582 -5.7760 0
-5.9032 2.7150 2
-4.0386 -4.4952 3
-4.0609 1.1477 2
-4.7835 2.2924 2
-8.4668 -2.8530 1
-9.0586 -3.1239 1
-3.9489 -3.6366 3
-3.1733 -4.5854 3
-4.7632 0.7863 2
-6.8796 1.8372 2
-7.4674 2.7114 2
7.4791 -5.2757 0
-3.5378 -5.3761 3
-9.9245 -2.2581 1
4.9236 -6.4264 0
-10.4708 -3.1053 1
-10.1389 -3.0269 1
-6.1925 -3.6206 3
7.1308 -6.4125 0
-8.0909 -3.2179 1
-3.5242 -6.8320 3
-8.6348 -3.1482 1
-7.3245 -2.2708 1
-7.7594 -2.6875 1
-4.6050 -0.2257 2
-4.9811 -2.2636 3
-4.0138 2.0415 2
8.1914 -7.0896 0
-6.5002 1.4053 2
-10.5598 -3.8567 1
-4.7993 -4.0244 3
-10.2947 -4.4416 1
7.9678 -6.2298 0
-8.6848 -2.6455 1
7.5823 -6.2531 0
-4.3291 2.6819 2
-3.4798 0.9284 2
-2.3088 -4.7057 3
5.9405 -5.8115 0
-8.7463 -3.2845 1
-5.7572 0.1977 2
-6.8844 -2.2463 1
-3.0036 -3.4212 3
-8.9220 -1.1342 1
-9.0118 -2.1211 1
6.5895 -7.1558 0
-3.7276 -3.4060 3
-1.7260 -5.9782 3
-8.0817 -2.4469 1
-4.5953 1.4756 2
6.7716 -6.2380 0
6.1081 -5.0299 0
5.8485 -5.2510 0
-2.9440 -0.4104 2
-2.4245 -3.5402 3
-9.7235 -1.0640 1
-3.5948 1.4830 2
7.1534 -7.0735 0
-5.8022 1.4255 2
-4.5672 1.1539 2
7.4282 -6.0936 0
-9.2517 -2.2009 1
5.7293 -6.1646 0
6.7850 -5.1348 0
-5.0419 2.1138 2
-3.9927 -3.0635 3
-9.7823 -2.8985 1
8.0846 -7.0078 0
-5.4729 -0.6797 2
7.0468 -8.1871 0
-4.1522 -6.2356 3
7.5623 -8.1579 0
-7.5414 -0.9496 1
-4.5342 1.5001 2
-4.5557 0.8437 2
-8.0563 -2.5031 1
-8.7942 -3.1569 1
5.3499 -6.7361 0
7.8593 -5.8983 0
-3.1545 -0.3043 2
6.1402 -6.5058 0
-3.8483 1.9204 2
-4.1761 -3.4386 3
-8.5229 -5.4449 1
7.4895 -6.6504 0
-4.1498 -5.0872 3
-5.7953 -3.2373 3
-10.2660 -5.7923 1
7.2278 -7.9039 0
5.3984 -7.3165 0
-10.3625 -2.3140 1
-5.2875 -5.5446 3
6.6712 -6.8958 0
-4.0869 -0.2581 2
-2.8433 0.5862 2
-5.8274 1.7736 2
-3.4723 0.6504 2
-5.2922 -3.7865 3
-9.4279 -1.9461 1
-8.5455 -2.8512 1
-10.3506 -4.2224 1
-9.0400 -2.7550 1
6.4994 -6.4376 0
-4.1325 -4.1023 3
-3.8050 -2.5445 3
-3.5984 -3.3471 3
6.7038 -5.0053 0
-8.4359 -4.1172 1
-4.8474 -5.1548 3
-9.2427 -3.0510 1
-9.1820 -3.0405 1
6.5973 -6.0489 0
-3.3373 -0.7969 2
